360        0.502607     0.005212       0.497395
421        1.013100     0.007261       1.005839
514        2.097357     0.010981       2.086376
609        4.083775     0.015564       4.068211
737        7.995231     0.023209       7.972022
920       15.953456     0.035903      15.917553
1160      32.831239     0.057488      32.773751
1420      60.495999     0.081975      60.414024
1770     118.073772     0.125513     117.948259
2210     231.345677     0.194876     231.150801
2850     507.652142     0.338189     507.313953