1 0.000237
2 0.000375
3 0.000706
4 0.000994
5 0.000684
6 0.000364
7 0.000402
8 0.000402
9 0.000558
10 0.000595
11 0.000546
12 0.000581
13 0.000668
14 0.000729
15 0.000796
16 0.000767
17 0.000847
18 0.000897
19 0.000904
20 0.000985
21 0.001002
22 0.001035
23 0.001121
24 0.001139
25 0.001188
26 0.001398
27 0.001238
28 0.001433
29 0.001450
30 0.001501
31 0.001514
32 0.001534
33 0.001515
34 0.001693
35 0.001767
36 0.001703
37 0.001846
38 0.001986
39 0.002153
40 0.001941
41 0.001910
42 0.002130
43 0.002070
44 0.002232
45 0.002170
46 0.002398
47 0.002491
48 0.002596
49 0.002278
50 0.002593